HISTORY PLOT
job1

Curve 1
X : Time
Y : Pos Y load

       X              Y       
------------------------------
   0.000000e+00   0.000000e+00
   1.000000e-02  -3.000000e-02
   2.200000e-02  -6.600000e-02
   3.640000e-02  -1.092000e-01
   5.368000e-02  -1.610400e-01
   7.441600e-02  -2.232480e-01
   9.929920e-02  -2.978976e-01
   1.291590e-01  -3.874771e-01
   1.649908e-01  -4.949726e-01
   2.079890e-01  -6.239671e-01
   2.595868e-01  -7.787605e-01
   3.215042e-01  -9.645125e-01
   3.958050e-01  -1.187415e+00
   4.849660e-01  -1.454898e+00
   5.919592e-01  -1.775878e+00
   7.203511e-01  -2.161053e+00
   8.744213e-01  -2.623264e+00
   1.000000e+00  -3.000000e+00
